111111111111111111111111. 11

11111111111,1111111111111111111111111111111111 1111111 11
111111 1111111111111111·111111111111111111111111 111111111111111
11,11111111111111·111 151111115 111.(1 ,11111111 111111111111111111111
1111111111111111,11111111111111111111111111111111111111111111151
11111111·1,1111111111111111111 111111(1111111111111·.11111111111
1111111111111111111111111111111111111 11111111 111
(111111 1111111111111111111111 1111111111,11111111111111111111111,
111111111111111111111 1511111111 1111111 11111111111111
111111111111111111111111111 11111111 11111111131111111111111111111
11111111 11111111111·1·11111’1,1’1’ ,11111 ¹511'115 ¹
ο1111.111’1111111111’11’111111111111111111111·’111111
111111111111111111111111111111111111111111111,111111
11111111111,11111111111111111111111111111111111111111,11111
111111111111111111111111111111111111111111111111
1111111111111111111111111111111111111111111111111111111111
11111,111111111111111111111111111111111111111111111111111111
11111111111111111111 1111111111 111’1,111111111111111111111111,

111111111111111111111111111111111111111111111111111111111.
1111111111111,0 1111 ’1111111 1111111111 ,11111 1111111 111111

111111111111111111111111,111·1111,11111111, 1111111111

11111,11111111111111111111111111111111111111111

1111111111111111111111111111111111111111111111 111111. ’111111
111111111111111111111111111 11111,1111111111111111111 ” ’ ,
1111111111 11111111 11111111ζ1111,111111111 151n1ag11111 ξ, ,,,,,],
1111.Τ111111111111 1111111 111111111111111111111111111·11111111111.,1,Ι ’-
111111111111111111111111,1111111111111111111111111111111111111

1111111111111111 111111111111111111111111111111111111111111
1111111111111111111111111111111111111· '1¹1 11111111.’,1111 111

1111111 111111111111111111111111111 111111111111111111111111
111111111111111111 1111111 111111111111 1111111111 11
(3111 1111111

 

