,11111111111111111111111111 ’17

11’1011101111101191011111111110111111111 1111111111
1118111111111111 111111111, N 11111111111011111111110111111
1111111111111111111111011,11)111111111111,1111111111111 1111111
Ἰ310111111111111111101111111111111111011111 1111111110111
Ξ1111111111η1111111111111111111111111111111111111111111
111111111111111111111111111111111111110110,1’1110111111011111
11111 1111111111 1111111· ,11110 11111, 15111111 1111 1111111111 111111 qb:
1111111111111110111111111111111. 1111111111 0111111111
1111111011111111111111111111011111111111111111111
1110111011111111111101 1111111111111111111111,1·Ι11111111011
1111111111101111111111111101 1111111111111111111
111,1’11111ρ1·111111111111111111101111111 ,111-1111111111, 1101111111
111111 1111110 0111111ρ 111111111111ῖο11111111111,11011111111111 11110
111111111111111111111,1“1111 111111111111111110111111111
,1111011101111111111111111 1,101111111111111111 1111111111
111111111111011111111111111111111111111111111111111111 ”
11111111,811101·111111111111 11101101111111111011111,
formantemvaNestNc.
110111111111111001111
11es1'p11111s111er111tcol
11111,1111111111111 111 11111111
1110111111 1111111 11111111
zosium 111-11111111,
6111111111,1111111111,11
11111111111111110111,
(11011101111111111111111111
111111111111,111101101111
1 1111111111 111 11111,111111,’“·
11111111111111111111111ἶ
11111110111011111111 ³ .,

 

