4ND444‘

11111111111111111111111111111111
111111111111111 1111111111111111111111111111111
111111111111111111
11111111111111111111 1
11111111 111-1111111111 111111111111111 11111111111111111 3
1111111111111111111111111111111111111111111111111111111
444 443
F444444154444444s
1111111111111111111111111111111111 S
1111111111 1111 111111111111 11111· 111 11111 111 1111111 augmenta
1111111111111111111111111111 1. ,
111 11111 11111111111111111 1111111111111111111111111111
1111111111 7
111111111111111111110111111111101111011111111111111111δί
45444444444 27
11111111111111111111111111111111111 37
11111111111111111111 111111111111 111-1111111111 (1111111111111
40
11111111111111
4444444 4444'444444440 111
Lapis philosophicus 04444 111 1111111111 11111111
1111111111 19
1111111 11 11111110111111111111111111111111111111111 24
[1111111111111111111111111111111111111
1111111111 1111111111111111111111111111111 1111111111 1111
1111111 ·
1111111111· 1.11·111111111111 1111 11111· 11111111· 1111
440444144444 11111111111111111 1111181111111111111 111
11111111111111111111111111111 Ἡ 111

 

