11111111 11111111111111111. ’11

1111111111)1111111111111111111111111111111,(,1111111]111111
dopmnumipfizaquavitatimponitur‚dedecemcan:
1111111111111(11111111111111111 1111111111111111111111111111,111
ο111111111111,111111 111111111111111111,11111111111111111111111
11111111,111111.11111,1’11,1111111111111111111111111,1>111111111
1,)111111,1111111111,111111,1“,11111,11111111101101111111
.111.1,,1111,1111111 111111111111111111111111111111111111111 1111111,
11111,11111111111111111110111111 111111111111,111111111111111510111111
1111,11111111111111111111111111111 terna 111111111ἓΡΞΠ,11,1“
1111111, 11111111111111 ,1.111111111111111111,11111ο 111111111 ⁰ ‘⁴
1111111111,1’1,11ο111111111111ο 1111111111111111111111111111
111111111111,1“1111111111111111111110,)11111111111111111111111
11111101110111111111111111,1111111111,101111110111111801
11111 011111110,1111111111111,111111111111111111111,111’1
1111111111111 1.1111 111 111 o 1111111111 ,1111111111,111111111
vir 11111,11 1111 1 1111111 111111 111111. 1011111ὅο11111101111111,
,11111110111111111111111111111111111111111,81111,111
11111111111111111111111111111111111 11,ὅ(11’11111111,11’11,111ο1]1
1111111111111111111111111110111111111111111111,11111111
111111,111,11111111,111111ο’1111,1111111ο111111,1111111111111ο5
111111 1111111111Ρ1111111111 ,1111101111111111111111111
1111111111111011. 111111111ὲᾶ1),111111111111111111111111
1111111111 1111111, ὅ 11111111111111111111111111 5111111111
111111111111111111 10111111111111111111 ,1111111Ι
1111111111111 111111111111111111111111111111111,11111ε
1111111111111111111111111111111111,11111111111111111111
1111111111,111 lutus 11111111111111111 Postquam 1115
111111 111 1111,11111111 111111111111111111111111111111
1111111111,1’11 quo 111 aqua limpida, 3< 1111111110
lmpog

1111111111.

 

