’11111111

1311181111 111111 1111111111111111111111111111111 30
511111101101111111111130011101111

801111 110 80111

Spasmuscura
’11111101111111111111111111111111110111

Thesaurus occult 1111 ph 111010111111111 1111
111111111111111101111111111111111
111111111111111 Vita:
1111111111111111101111
111111111(111111111111111111111111111101111
111111111111111111111111 1111111

11111111111111111011111111
1111111110οῑ 11111111111111111011111111

1111111111111111111
11111111111111011111(111011011011111111111111

111111111111111·5

 

